50
103
0 1 33
0 6 17
0 9 25
0 2 30
1 4 25
1 5 13
1 6 18
2 9 20
2 3 15
2 10 35
2 12 27
3 9 31
3 2 15
3 12 23
3 14 15
3 21 20
3 8 15
4 5 20
4 16 40
5 6 20
5 8 30
6 9 21
6 8 25
8 9 16
8 21 35
8 32 32
10 12 22
10 13 28
11 47 33
11 43 35
11 45 21
11 48 44
12 14 22
12 15 30
13 15 28
13 20 40
14 21 16
14 15 36
14 20 35
14 19 23
15 20 25
16 17 30
16 22 35
16 27 50
17 32 15
17 23 25
17 22 28
18 32 15
18 24 30
18 21 20
18 29 40
18 23 30
19 21 30
19 24 35
19 26 40
19 20 30
20 26 30
21 32 26
22 27 35
23 29 32
23 32 30
24 29 15
26 31 20
26 38 55
27 34 25
27 42 26
29 35 30
29 36 37
29 30 35
30 36 33
30 37 30
31 37 35
31 38 40
33 39 25
33 46 30
33 49 20
33 38 25
33 37 35
34 35 33
34 41 25
34 43 37
34 42 20
35 36 43
35 41 30
36 39 25
36 37 28
37 39 30
37 38 25
38 49 45
39 46 20
41 45 23
41 43 14
42 43 34
42 44 24
42 47 36
43 47 15
43 45 30
44 47 26
45 45 30
45 48 33
46 48 15
46 49 35
48 49 32